93.0635838150289
93.0635838150289
94.53090262338817
94.53090262338817
95.3757225433526
94.93108048021342
95.15340151178302
95.55357936860827
95.95375722543352
95.77590040017786
96.53179190751445
96.17607825700311
96.22054246331703
96.48732770120053
96.70964873277012
96.79857714539796
96.57625611382836
96.84304135171188
97.15429079590929
97.15429079590929
97.4210760337928
97.46554024010672
97.82125389061805
97.86571809693197
97.77678968430413
97.99911071587373
98.39928857269898
98.26589595375722
98.35482436638506
98.31036016007114
98.31036016007114
98.7105380168964
98.57714539795465
98.79946642952423
98.75500222321031
98.9773232547799
99.06625166740774
99.19964428634948
99.19964428634948
99.46642952423299
99.19964428634948
99.37750111160516
99.42196531791907
99.2441084926634
99.28857269897732
99.37750111160516
99.42196531791907
99.33303690529124
99.59982214317475
99.55535793686083
99.51089373054691
99.59982214317475
99.64428634948867
99.59982214317475
99.68875055580259
99.68875055580259
99.73321476211649
99.68875055580259
99.68875055580259
99.82214317474433
99.82214317474433
99.91107158737216
99.82214317474433
99.91107158737216
99.91107158737216
99.95553579368608
99.86660738105824
99.95553579368608
99.91107158737216
100.0
100.0
100.0
100.0
100.0
100.0
100.0
100.0
100.0
99.95553579368608
100.0
100.0
100.0
100.0
100.0
100.0
100.0
100.0
100.0
100.0
100.0
100.0
100.0
100.0
100.0
100.0
100.0
100.0
100.0
100.0
100.0
Los errores del aprendizaje son: 
6.936416184971094
6.936416184971094
5.469097376611828
5.469097376611828
4.624277456647405
5.068919519786576
4.8465984882169835
4.446420631391732
4.04624277456648
4.224099599822139
3.468208092485554
3.8239217429968875
3.779457536682969
3.5126722987994725
3.2903512672298802
3.2014228546020433
3.4237438861716356
3.156958648288125
2.84570920409071
2.84570920409071
2.578923966207199
2.5344597598932808
2.1787461093819473
2.134281903068029
2.223210315695866
2.0008892841262735
1.6007114273010217
1.734104046242777
1.6451756336149401
1.6896398399288586
1.6896398399288586
1.2894619831036067
1.4228546020453479
1.2005335704757698
1.2449977767896883
1.022676745220096
0.9337483325922591
0.8003557136505179
0.8003557136505179
0.5335704757670072
0.8003557136505179
0.6224988883948441
0.5780346820809257
0.7558915073365995
0.711427301022681
0.6224988883948441
0.5780346820809257
0.6669630947087626
0.40017785682525187
0.4446420631391703
0.48910626945308877
0.40017785682525187
0.3557136505113334
0.40017785682525187
0.31124944419741496
0.31124944419741496
0.2667852378835107
0.31124944419741496
0.31124944419741496
0.1778568252556738
0.1778568252556738
0.0889284126278369
0.1778568252556738
0.0889284126278369
0.0889284126278369
0.04446420631391845
0.13339261894175536
0.04446420631391845
0.0889284126278369
0.0
0.0
0.0
0.0
0.0
0.0
0.0
0.0
0.0
0.04446420631391845
0.0
0.0
0.0
0.0
0.0
0.0
0.0
0.0
0.0
0.0
0.0
0.0
0.0
0.0
0.0
0.0
0.0
0.0
0.0
0.0
0.0
El aprendizaje total es de: 100.0
------PARTE TEST-------
Los fallos del test son: 
 6.405694
6.405694
6.405694
4.8042703
4.8042703
4.092527
4.2704625
4.2704625
2.4911032
2.846975
2.3131673
2.3131673
2.6690392
3.024911
2.4911032
3.202847
2.6690392
2.3131673
2.846975
2.846975
2.3131673
2.1352313
2.3131673
2.1352313
2.3131673
1.7793593
1.9572954
1.7793593
1.7793593
1.9572954
1.9572954
2.1352313
1.9572954
2.1352313
1.7793593
1.7793593
1.9572954
2.1352313
2.1352313
1.9572954
1.9572954
2.1352313
2.1352313
1.7793593
2.1352313
1.7793593
2.1352313
1.7793593
1.7793593
1.6014235
1.6014235
1.4234875
1.7793593
1.4234875
1.6014235
1.4234875
1.4234875
1.2455516
1.4234875
1.4234875
1.4234875
1.2455516
1.4234875
1.6014235
1.7793593
1.4234875
1.9572954
1.9572954
1.9572954
2.3131673
1.9572954
1.4234875
2.1352313
1.9572954
1.9572954
1.7793593
1.9572954
1.7793593
1.7793593
1.4234875
1.4234875
1.2455516
1.4234875
1.6014235
1.4234875
1.4234875
1.4234875
1.6014235
1.4234875
1.7793593
1.4234875
1.6014235
1.2455516
1.4234875
1.4234875
1.4234875
1.4234875
1.4234875
1.4234875
1.2455516
El test total es de: 98.398575
