93.64837398373983
93.64837398373983
95.32520325203252
95.17276422764228
95.22357723577235
95.630081300813
95.3760162601626
95.32520325203252
95.83333333333333
95.88414634146342
96.03658536585365
96.08739837398375
96.23983739837398
96.4430894308943
96.59552845528455
96.84959349593495
97.0020325203252
96.79878048780488
96.95121951219512
97.40853658536585
97.3069105691057
97.8150406504065
97.76422764227642
97.91666666666667
97.76422764227642
98.01829268292683
97.96747967479675
98.119918699187
98.01829268292683
98.22154471544715
98.3739837398374
98.3739837398374
98.57723577235772
98.72967479674797
98.47560975609755
99.13617886178862
98.98373983739837
99.13617886178862
99.03455284552845
99.03455284552845
99.13617886178862
99.33943089430895
99.33943089430895
99.28861788617886
99.4410569105691
99.4410569105691
99.54268292682927
99.54268292682927
99.49186991869918
99.64430894308943
99.49186991869918
99.7459349593496
99.79674796747967
99.84756097560975
99.84756097560975
99.79674796747967
99.94918699186992
99.89837398373983
99.89837398373983
99.79674796747967
99.89837398373983
99.89837398373983
100.0
100.0
100.0
99.94918699186992
100.0
100.0
100.0
100.0
99.94918699186992
100.0
100.0
100.0
100.0
100.0
100.0
100.0
100.0
100.0
100.0
100.0
100.0
100.0
100.0
100.0
100.0
100.0
100.0
100.0
100.0
100.0
100.0
100.0
100.0
100.0
100.0
100.0
100.0
100.0
Los errores del aprendizaje son: 
6.35162601626017
6.35162601626017
4.674796747967477
4.827235772357724
4.776422764227647
4.3699186991869965
4.623983739837399
4.674796747967477
4.166666666666671
4.1158536585365795
3.9634146341463463
3.9126016260162544
3.7601626016260212
3.556910569105696
3.4044715447154488
3.150406504065046
2.9979674796747986
3.2012195121951237
3.0487804878048763
2.5914634146341484
2.693089430894304
2.1849593495934982
2.235772357723576
2.0833333333333286
2.235772357723576
1.9817073170731732
2.032520325203251
1.8800813008130035
1.9817073170731732
1.778455284552848
1.6260162601626007
1.6260162601626007
1.4227642276422756
1.2703252032520282
1.5243902439024453
0.8638211382113781
1.0162601626016254
0.8638211382113781
0.9654471544715477
0.9654471544715477
0.8638211382113781
0.660569105691053
0.660569105691053
0.7113821138211449
0.5589430894308975
0.5589430894308975
0.4573170731707279
0.4573170731707279
0.5081300813008198
0.35569105691057246
0.5081300813008198
0.2540650406504028
0.2032520325203251
0.15243902439024737
0.15243902439024737
0.2032520325203251
0.05081300813007772
0.10162601626016965
0.10162601626016965
0.2032520325203251
0.10162601626016965
0.10162601626016965
0.0
0.0
0.0
0.05081300813007772
0.0
0.0
0.0
0.0
0.05081300813007772
0.0
0.0
0.0
0.0
0.0
0.0
0.0
0.0
0.0
0.0
0.0
0.0
0.0
0.0
0.0
0.0
0.0
0.0
0.0
0.0
0.0
0.0
0.0
0.0
0.0
0.0
0.0
0.0
0.0
El aprendizaje total es de: 100.0
------PARTE TEST-------
Los fallos del test son: 
 6.998814
6.998814
6.998814
4.9822063
5.69395
5.69395
4.9822063
5.2194543
5.2194543
5.10083
5.2194543
4.9822063
5.456702
4.8635826
5.3380785
4.7449584
4.6263347
3.9145908
4.6263347
3.7959669
4.2704625
3.4400947
3.321471
2.846975
3.202847
3.202847
2.965599
3.202847
3.084223
3.084223
3.202847
3.084223
3.202847
2.965599
2.846975
3.321471
3.084223
2.965599
2.846975
2.6097271
2.728351
2.4911032
2.728351
2.728351
2.6097271
2.728351
2.6097271
2.6097271
2.6097271
2.728351
2.728351
2.728351
2.6097271
2.728351
2.6097271
2.728351
2.4911032
2.728351
2.6097271
2.728351
2.4911032
2.6097271
2.2538552
2.4911032
2.1352313
2.3724792
2.1352313
2.2538552
2.1352313
2.2538552
2.2538552
2.1352313
2.1352313
1.8979834
2.1352313
2.1352313
2.1352313
2.1352313
2.0166073
2.1352313
2.1352313
2.0166073
2.1352313
2.0166073
2.0166073
1.8979834
1.8979834
1.8979834
1.8979834
1.6607355
1.7793593
1.6607355
1.7793593
1.5421115
1.6607355
1.6607355
1.6607355
1.5421115
1.6607355
1.6607355
El test total es de: 98.339264
