94.35975609756098
94.35975609756098
95.07113821138212
95.07113821138212
95.78252032520325
95.83333333333333
96.13821138211382
96.08739837398375
96.34146341463415
96.4939024390244
96.4430894308943
97.0020325203252
97.10365853658537
97.2560975609756
97.61178861788618
97.5609756097561
97.76422764227642
97.61178861788618
97.96747967479675
97.91666666666667
98.17073170731707
98.22154471544715
98.32317073170732
98.6280487804878
98.47560975609755
98.72967479674797
99.03455284552845
99.03455284552845
99.23780487804878
98.9329268292683
99.23780487804878
99.1869918699187
99.39024390243902
99.33943089430895
99.59349593495935
99.59349593495935
99.64430894308943
99.6951219512195
99.7459349593496
99.84756097560975
99.79674796747967
99.89837398373983
99.89837398373983
99.89837398373983
99.94918699186992
99.94918699186992
100.0
99.94918699186992
99.89837398373983
100.0
100.0
100.0
100.0
100.0
100.0
100.0
100.0
100.0
100.0
100.0
100.0
100.0
100.0
100.0
100.0
100.0
100.0
100.0
100.0
100.0
100.0
100.0
100.0
100.0
100.0
100.0
100.0
100.0
100.0
100.0
100.0
100.0
100.0
100.0
100.0
100.0
100.0
100.0
100.0
100.0
100.0
100.0
100.0
100.0
100.0
100.0
100.0
100.0
100.0
100.0
Los errores del aprendizaje son: 
5.640243902439025
5.640243902439025
4.92886178861788
4.92886178861788
4.217479674796749
4.166666666666671
3.8617886178861767
3.9126016260162544
3.6585365853658516
3.506097560975604
3.556910569105696
2.9979674796747986
2.896341463414629
2.743902439024396
2.3882113821138233
2.439024390243901
2.235772357723576
2.3882113821138233
2.032520325203251
2.0833333333333286
1.8292682926829258
1.778455284552848
1.6768292682926784
1.371951219512198
1.5243902439024453
1.2703252032520282
0.9654471544715477
0.9654471544715477
0.7621951219512226
1.0670731707317032
0.7621951219512226
0.8130081300813004
0.6097560975609753
0.660569105691053
0.4065040650406502
0.4065040650406502
0.35569105691057246
0.30487804878049474
0.2540650406504028
0.15243902439024737
0.2032520325203251
0.10162601626016965
0.10162601626016965
0.10162601626016965
0.05081300813007772
0.05081300813007772
0.0
0.05081300813007772
0.10162601626016965
0.0
0.0
0.0
0.0
0.0
0.0
0.0
0.0
0.0
0.0
0.0
0.0
0.0
0.0
0.0
0.0
0.0
0.0
0.0
0.0
0.0
0.0
0.0
0.0
0.0
0.0
0.0
0.0
0.0
0.0
0.0
0.0
0.0
0.0
0.0
0.0
0.0
0.0
0.0
0.0
0.0
0.0
0.0
0.0
0.0
0.0
0.0
0.0
0.0
0.0
0.0
El aprendizaje total es de: 100.0
------PARTE TEST-------
Los fallos del test son: 
 5.931198
5.931198
5.931198
5.3380785
5.3380785
4.7449584
4.8635826
4.2704625
4.6263347
4.3890867
4.0332146
3.7959669
3.084223
3.084223
2.965599
2.846975
2.965599
2.846975
2.846975
2.728351
2.4911032
2.728351
2.728351
2.4911032
2.2538552
2.728351
2.3724792
2.2538552
2.4911032
2.3724792
2.6097271
2.3724792
2.2538552
2.1352313
2.6097271
2.3724792
2.4911032
2.3724792
2.3724792
2.3724792
2.2538552
2.1352313
2.4911032
2.2538552
2.4911032
2.3724792
2.3724792
2.1352313
2.2538552
1.7793593
2.0166073
1.8979834
2.1352313
1.8979834
1.7793593
1.6607355
2.0166073
1.8979834
1.7793593
2.0166073
1.8979834
1.7793593
1.7793593
1.6607355
1.6607355
1.5421115
1.6607355
1.6607355
1.6607355
1.5421115
1.4234875
1.3048636
1.6607355
1.8979834
1.7793593
1.8979834
1.7793593
1.8979834
1.7793593
1.8979834
1.8979834
1.7793593
1.7793593
1.7793593
1.8979834
1.6607355
1.6607355
1.5421115
1.6607355
1.5421115
1.3048636
1.5421115
1.6607355
1.5421115
1.5421115
1.4234875
1.3048636
1.4234875
1.3048636
1.3048636
El test total es de: 98.57651
